1.52
1.50
1.49
1.51
1.42
1.50
1.52
1.51
1.49
1.50
1.43
1.51
1.50
1.52
1.39
1.50
1.51
1.50
1.40
1.50
1.50
1.40
1.49
1.48
1.39
1.47
1.51
1.38
1.45
1.47
1.48
1.43
1.47
1.43
1.41
1.46
1.48
1.41
1.45
1.47
1.43
1.47
1.45
1.48
1.48
1.45
1.41
1.46
1.48
1.47
1.45
1.48
1.54
1.42
1.05
1.41
1.54
0.96
0.95
0.86
1.17
0.97
1.01
0.53
1.29
1.27
1.02
1.00
1.12
1.22
2.16
2.94
0.93
0.93
1.09
3.15
2.98
3.06
2.80
3.08
3.05
2.99
2.95
1.07
1.00
0.99
1.00
1.03
1.00
0.97
0.92
0.88
0.95
0.93
0.95
2.50
1.38
2.57
2.38
2.19
2.02
1.74
1.38
1.20
1.13
1.05
1.00
1.41
1.53
1.49
1.50
1.46
1.45
1.40
1.43
1.42
1.42
1.36
1.36
1.35
1.16
